time	Eall.5	Eall1.0	Eall2.0	Eall4.0	Eall6.0	Eall8.0
0	0	0	0	0	0	0
0.5	0.00000233	0.00000465	0.00000929	0.0000185	0.0000277	0.0000368
1	0.00000483	0.00000965	0.0000193	0.0000384	0.0000574	0.0000763
1.5	0.00000733	0.0000146	0.0000292	0.0000583	0.0000872	0.000116
2	0.00000983	0.0000196	0.0000392	0.0000782	0.000117	0.000155
2.5	0.0000123	0.0000246	0.0000492	0.0000981	0.000147	0.000195
3	0.0000148	0.0000296	0.0000592	0.000118	0.000176	0.000234
3.5	0.0000173	0.0000346	0.0000692	0.000138	0.000206	0.000274
4	0.0000198	0.0000396	0.0000791	0.000158	0.000236	0.000313
4.5	0.0000223	0.0000446	0.0000891	0.000178	0.000266	0.000353
5	0.0000248	0.0000496	0.0000991	0.000198	0.000295	0.000392
5.5	0.0000273	0.0000546	0.000109	0.000217	0.000325	0.000432
6	0.0000298	0.0000596	0.000119	0.000237	0.000355	0.000471
6.5	0.0000323	0.0000646	0.000129	0.000257	0.000384	0.000511
7	0.0000348	0.0000696	0.000139	0.000277	0.000414	0.00055
7.5	0.0000373	0.0000746	0.000149	0.000297	0.000444	0.00059
8	0.0000398	0.0000796	0.000159	0.000317	0.000473	0.000629
8.5	0.0000423	0.0000846	0.000169	0.000337	0.000503	0.000668
9	0.0000448	0.0000896	0.000179	0.000357	0.000533	0.000708
9.5	0.0000473	0.0000946	0.000189	0.000376	0.000563	0.000747
10	0.0000498	0.0000996	0.000199	0.000396	0.000592	0.000787
10.5	0.0000523	0.000105	0.000209	0.000416	0.000622	0.000826
11	0.0000548	0.00011	0.000219	0.000436	0.000652	0.000866
11.5	0.0000573	0.000115	0.000229	0.000456	0.000681	0.000905
12	0.0000598	0.00012	0.000239	0.000476	0.000711	0.000944
12.5	0.0000624	0.000125	0.000249	0.000496	0.000741	0.000984
13	0.0000649	0.00013	0.000259	0.000515	0.00077	0.00102
13.5	0.0000674	0.000135	0.000269	0.000535	0.0008	0.00106
14	0.0000699	0.00014	0.000279	0.000555	0.00083	0.0011
14.5	0.0000724	0.000145	0.000289	0.000575	0.000859	0.00114
15	0.0000749	0.00015	0.000299	0.000595	0.000889	0.00118
15.5	0.0000774	0.000155	0.000309	0.000615	0.000919	0.00122
16	0.0000799	0.00016	0.000319	0.000635	0.000948	0.00126
16.5	0.0000824	0.000165	0.000328	0.000654	0.000978	0.0013
17	0.0000849	0.00017	0.000338	0.000674	0.00101	0.00134
17.5	0.0000874	0.000175	0.000348	0.000694	0.00104	0.00138
18	0.0000899	0.00018	0.000358	0.000714	0.00107	0.00142
18.5	0.0000924	0.000185	0.000368	0.000734	0.0011	0.00146
19	0.0000949	0.00019	0.000378	0.000754	0.00113	0.0015
19.5	0.0000974	0.000195	0.000388	0.000774	0.00116	0.00153
20	0.0000999	0.0002	0.000398	0.000793	0.00119	0.00157
20.5	0.000102	0.000205	0.000408	0.000813	0.00121	0.00161
21	0.000105	0.00021	0.000418	0.000833	0.00124	0.00165
21.5	0.000107	0.000215	0.000428	0.000853	0.00127	0.00169
22	0.00011	0.00022	0.000438	0.000873	0.0013	0.00173
22.5	0.000112	0.000224	0.000448	0.000893	0.00133	0.00177
23	0.000115	0.000229	0.000458	0.000912	0.00136	0.00181
23.5	0.000117	0.000234	0.000468	0.000932	0.00139	0.00185
24	0.00012	0.000239	0.000478	0.000952	0.00142	0.00189
24.5	0.000122	0.000244	0.000488	0.000972	0.00145	0.00193
25	0.000125	0.000249	0.000498	0.000992	0.00148	0.00197
25.5	0.000127	0.000254	0.000508	0.00101	0.00151	0.00201
26	0.00013	0.000259	0.000518	0.00103	0.00154	0.00205
26.5	0.000132	0.000264	0.000528	0.00105	0.00157	0.00208
27	0.000135	0.000269	0.000538	0.00107	0.0016	0.00212
27.5	0.000137	0.000274	0.000548	0.00109	0.00163	0.00216
28	0.00014	0.000279	0.000558	0.00111	0.00166	0.0022
28.5	0.000142	0.000284	0.000568	0.00113	0.00169	0.00224
29	0.000145	0.000289	0.000578	0.00115	0.00172	0.00228
29.5	0.000147	0.000294	0.000588	0.00117	0.00175	0.00232
30	0.00015	0.000299	0.000598	0.00119	0.00178	0.00236
30.5	0.000152	0.000304	0.000607	0.00121	0.00181	0.0024
31	0.000155	0.000309	0.000617	0.00123	0.00184	0.00244
31.5	0.000157	0.000314	0.000627	0.00125	0.00187	0.00248
32	0.00016	0.000319	0.000637	0.00127	0.0019	0.00252
32.5	0.000162	0.000324	0.000647	0.00129	0.00193	0.00256
33	0.000165	0.000329	0.000657	0.00131	0.00195	0.00259
33.5	0.000167	0.000334	0.000667	0.00133	0.00198	0.00263
34	0.00017	0.000339	0.000677	0.00135	0.00201	0.00267
34.5	0.000172	0.000344	0.000687	0.00137	0.00204	0.00271
35	0.000175	0.000349	0.000697	0.00139	0.00207	0.00275
35.5	0.000177	0.000354	0.000707	0.00141	0.0021	0.00279
36	0.00018	0.000359	0.000717	0.00143	0.00213	0.00283
36.5	0.000182	0.000364	0.000727	0.00145	0.00216	0.00287
37	0.000185	0.000369	0.000737	0.00147	0.00219	0.00291
37.5	0.000187	0.000374	0.000747	0.00149	0.00222	0.00295
38	0.00019	0.000379	0.000757	0.00151	0.00225	0.00299
38.5	0.000192	0.000384	0.000767	0.00153	0.00228	0.00303
39	0.000195	0.000389	0.000777	0.00155	0.00231	0.00306
39.5	0.000197	0.000394	0.000787	0.00157	0.00234	0.0031
40	0.0002	0.000399	0.000797	0.00159	0.00237	0.00314
40.5	0.000202	0.000404	0.000807	0.00161	0.0024	0.00318
41	0.000205	0.000409	0.000817	0.00163	0.00243	0.00322
41.5	0.000207	0.000414	0.000827	0.00165	0.00246	0.00326
42	0.00021	0.000419	0.000837	0.00167	0.00249	0.0033
42.5	0.000212	0.000424	0.000846	0.00169	0.00252	0.00334
43	0.000215	0.000429	0.000856	0.0017	0.00255	0.00338
43.5	0.000217	0.000434	0.000866	0.00172	0.00257	0.00342
44	0.00022	0.000439	0.000876	0.00174	0.0026	0.00346
44.5	0.000222	0.000444	0.000886	0.00176	0.00263	0.00349
45	0.000225	0.000449	0.000896	0.00178	0.00266	0.00353
45.5	0.000227	0.000454	0.000906	0.0018	0.00269	0.00357
46	0.00023	0.000459	0.000916	0.00182	0.00272	0.00361
46.5	0.000232	0.000464	0.000926	0.00184	0.00275	0.00365
47	0.000235	0.000469	0.000936	0.00186	0.00278	0.00369
47.5	0.000237	0.000474	0.000946	0.00188	0.00281	0.00373
48	0.00024	0.000479	0.000956	0.0019	0.00284	0.00377
48.5	0.000242	0.000484	0.000966	0.00192	0.00287	0.00381
49	0.000245	0.000489	0.000976	0.00194	0.0029	0.00385
49.5	0.000247	0.000494	0.000986	0.00196	0.00293	0.00389
50	0.00025	0.000499	0.000996	0.00198	0.00296	0.00392
50.5	0.000252	0.000504	0.00101	0.002	0.00299	0.00396
51	0.000255	0.000509	0.00102	0.00202	0.00302	0.004
51.5	0.000257	0.000514	0.00103	0.00204	0.00305	0.00404
52	0.00026	0.000519	0.00104	0.00206	0.00308	0.00408
52.5	0.000262	0.000524	0.00105	0.00208	0.00311	0.00412
53	0.000265	0.000529	0.00106	0.0021	0.00313	0.00416
53.5	0.000267	0.000534	0.00107	0.00212	0.00316	0.0042
54	0.00027	0.000539	0.00108	0.00214	0.00319	0.00424
54.5	0.000272	0.000544	0.00109	0.00216	0.00322	0.00427
55	0.000275	0.000549	0.0011	0.00218	0.00325	0.00431
55.5	0.000277	0.000554	0.00111	0.0022	0.00328	0.00435
56	0.00028	0.000559	0.00112	0.00222	0.00331	0.00439
56.5	0.000282	0.000564	0.00113	0.00224	0.00334	0.00443
57	0.000285	0.000569	0.00114	0.00226	0.00337	0.00447
57.5	0.000287	0.000574	0.00114	0.00228	0.0034	0.00451
58	0.00029	0.000579	0.00115	0.0023	0.00343	0.00455
58.5	0.000292	0.000584	0.00116	0.00232	0.00346	0.00459
59	0.000295	0.000589	0.00117	0.00234	0.00349	0.00463
59.5	0.000297	0.000594	0.00118	0.00236	0.00352	0.00466
60	0.0003	0.000599	0.00119	0.00238	0.00355	0.0047
60.5	0.000302	0.000604	0.0012	0.0024	0.00358	0.00474
61	0.000305	0.000609	0.00121	0.00242	0.00361	0.00478
61.5	0.000307	0.000614	0.00122	0.00244	0.00363	0.00482
62	0.00031	0.000619	0.00123	0.00246	0.00366	0.00486
62.5	0.000312	0.000624	0.00124	0.00248	0.00369	0.0049
63	0.000315	0.000629	0.00125	0.0025	0.00372	0.00494
63.5	0.000317	0.000634	0.00126	0.00251	0.00375	0.00498
64	0.00032	0.000639	0.00127	0.00253	0.00378	0.00501
64.5	0.000322	0.000644	0.00128	0.00255	0.00381	0.00505
65	0.000325	0.000649	0.00129	0.00257	0.00384	0.00509
65.5	0.000327	0.000654	0.0013	0.00259	0.00387	0.00513
66	0.00033	0.000659	0.00131	0.00261	0.0039	0.00517
66.5	0.000332	0.000664	0.00132	0.00263	0.00393	0.00521
67	0.000335	0.000669	0.00133	0.00265	0.00396	0.00525
67.5	0.000337	0.000674	0.00134	0.00267	0.00399	0.00529
68	0.00034	0.000679	0.00135	0.00269	0.00402	0.00533
68.5	0.000342	0.000684	0.00136	0.00271	0.00405	0.00536
69	0.000345	0.000689	0.00137	0.00273	0.00407	0.0054
69.5	0.000347	0.000694	0.00138	0.00275	0.0041	0.00544
70	0.00035	0.000699	0.00139	0.00277	0.00413	0.00548
70.5	0.000352	0.000704	0.0014	0.00279	0.00416	0.00552
71	0.000355	0.000709	0.00141	0.00281	0.00419	0.00556
71.5	0.000357	0.000714	0.00142	0.00283	0.00422	0.0056
72	0.00036	0.000719	0.00143	0.00285	0.00425	0.00564
72.5	0.000362	0.000724	0.00144	0.00287	0.00428	0.00567
73	0.000365	0.000729	0.00145	0.00289	0.00431	0.00571
73.5	0.000367	0.000734	0.00146	0.00291	0.00434	0.00575
74	0.00037	0.000739	0.00147	0.00293	0.00437	0.00579
74.5	0.000372	0.000744	0.00148	0.00295	0.0044	0.00583
75	0.000375	0.000748	0.00149	0.00297	0.00443	0.00587
75.5	0.000377	0.000753	0.0015	0.00299	0.00446	0.00591
76	0.00038	0.000758	0.00151	0.00301	0.00449	0.00595
76.5	0.000382	0.000763	0.00152	0.00303	0.00451	0.00598
77	0.000385	0.000768	0.00153	0.00305	0.00454	0.00602
77.5	0.000387	0.000773	0.00154	0.00307	0.00457	0.00606
78	0.00039	0.000778	0.00155	0.00309	0.0046	0.0061
78.5	0.000392	0.000783	0.00156	0.00311	0.00463	0.00614
79	0.000395	0.000788	0.00157	0.00313	0.00466	0.00618
79.5	0.000397	0.000793	0.00158	0.00315	0.00469	0.00622
80	0.0004	0.000798	0.00159	0.00317	0.00472	0.00626
80.5	0.000402	0.000803	0.0016	0.00319	0.00475	0.00629
81	0.000405	0.000808	0.00161	0.0032	0.00478	0.00633
81.5	0.000407	0.000813	0.00162	0.00322	0.00481	0.00637
82	0.00041	0.000818	0.00163	0.00324	0.00484	0.00641
82.5	0.000412	0.000823	0.00164	0.00326	0.00487	0.00645
83	0.000415	0.000828	0.00165	0.00328	0.0049	0.00649
83.5	0.000417	0.000833	0.00166	0.0033	0.00492	0.00653
84	0.00042	0.000838	0.00167	0.00332	0.00495	0.00656
84.5	0.000422	0.000843	0.00168	0.00334	0.00498	0.0066
85	0.000425	0.000848	0.00169	0.00336	0.00501	0.00664
85.5	0.000427	0.000853	0.0017	0.00338	0.00504	0.00668
86	0.00043	0.000858	0.00171	0.0034	0.00507	0.00672
86.5	0.000432	0.000863	0.00172	0.00342	0.0051	0.00676
87	0.000435	0.000868	0.00173	0.00344	0.00513	0.0068
87.5	0.000437	0.000873	0.00174	0.00346	0.00516	0.00684
88	0.00044	0.000878	0.00175	0.00348	0.00519	0.00687
88.5	0.000442	0.000883	0.00176	0.0035	0.00522	0.00691
89	0.000445	0.000888	0.00177	0.00352	0.00525	0.00695
89.5	0.000447	0.000893	0.00178	0.00354	0.00528	0.00699
90	0.00045	0.000898	0.00179	0.00356	0.0053	0.00703
90.5	0.000452	0.000903	0.0018	0.00358	0.00533	0.00707
91	0.000455	0.000908	0.00181	0.0036	0.00536	0.00711
91.5	0.000457	0.000913	0.00182	0.00362	0.00539	0.00714
92	0.00046	0.000918	0.00183	0.00364	0.00542	0.00718
92.5	0.000462	0.000923	0.00184	0.00366	0.00545	0.00722
93	0.000465	0.000928	0.00185	0.00368	0.00548	0.00726
93.5	0.000467	0.000933	0.00186	0.0037	0.00551	0.0073
94	0.00047	0.000938	0.00187	0.00372	0.00554	0.00734
94.5	0.000472	0.000943	0.00188	0.00374	0.00557	0.00738
95	0.000475	0.000948	0.00189	0.00376	0.0056	0.00741
95.5	0.000477	0.000953	0.0019	0.00378	0.00563	0.00745
96	0.00048	0.000958	0.00191	0.00379	0.00566	0.00749
96.5	0.000482	0.000963	0.00192	0.00381	0.00568	0.00753
97	0.000485	0.000968	0.00193	0.00383	0.00571	0.00757
97.5	0.000487	0.000973	0.00194	0.00385	0.00574	0.00761
98	0.00049	0.000978	0.00195	0.00387	0.00577	0.00765
98.5	0.000492	0.000983	0.00196	0.00389	0.0058	0.00768
99	0.000495	0.000988	0.00197	0.00391	0.00583	0.00772
99.5	0.000497	0.000993	0.00198	0.00393	0.00586	0.00776
100	0.0005	0.000998	0.00199	0.00395	0.00589	0.0078
100.5	0.000502	0.001	0.002	0.00397	0.00592	0.00784
101	0.000505	0.00101	0.00201	0.00399	0.00595	0.00788
101.5	0.000507	0.00101	0.00202	0.00401	0.00598	0.00791
102	0.00051	0.00102	0.00203	0.00403	0.00601	0.00795
102.5	0.000512	0.00102	0.00204	0.00405	0.00603	0.00799
103	0.000515	0.00103	0.00205	0.00407	0.00606	0.00803
103.5	0.000517	0.00103	0.00206	0.00409	0.00609	0.00807
104	0.00052	0.00104	0.00207	0.00411	0.00612	0.00811
104.5	0.000522	0.00104	0.00208	0.00413	0.00615	0.00815
105	0.000525	0.00105	0.00209	0.00415	0.00618	0.00818
105.5	0.000527	0.00105	0.0021	0.00417	0.00621	0.00822
106	0.00053	0.00106	0.00211	0.00419	0.00624	0.00826
106.5	0.000532	0.00106	0.00212	0.00421	0.00627	0.0083
107	0.000535	0.00107	0.00213	0.00423	0.0063	0.00834
107.5	0.000537	0.00107	0.00214	0.00425	0.00633	0.00838
108	0.00054	0.00108	0.00215	0.00427	0.00635	0.00841
108.5	0.000542	0.00108	0.00216	0.00429	0.00638	0.00845
109	0.000545	0.00109	0.00217	0.00431	0.00641	0.00849
109.5	0.000547	0.00109	0.00218	0.00432	0.00644	0.00853
110	0.00055	0.0011	0.00219	0.00434	0.00647	0.00857
110.5	0.000552	0.0011	0.0022	0.00436	0.0065	0.00861
111	0.000555	0.00111	0.00221	0.00438	0.00653	0.00864
111.5	0.000557	0.00111	0.00222	0.0044	0.00656	0.00868
112	0.00056	0.00112	0.00223	0.00442	0.00659	0.00872
112.5	0.000562	0.00112	0.00224	0.00444	0.00662	0.00876
113	0.000565	0.00113	0.00225	0.00446	0.00665	0.0088
113.5	0.000567	0.00113	0.00226	0.00448	0.00668	0.00884
114	0.00057	0.00114	0.00227	0.0045	0.0067	0.00888
114.5	0.000572	0.00114	0.00228	0.00452	0.00673	0.00891
115	0.000575	0.00115	0.00229	0.00454	0.00676	0.00895
115.5	0.000577	0.00115	0.0023	0.00456	0.00679	0.00899
116	0.00058	0.00116	0.00231	0.00458	0.00682	0.00903
116.5	0.000582	0.00116	0.00232	0.0046	0.00685	0.00907
117	0.000585	0.00117	0.00233	0.00462	0.00688	0.00911
117.5	0.000587	0.00117	0.00234	0.00464	0.00691	0.00914
118	0.00059	0.00118	0.00235	0.00466	0.00694	0.00918
118.5	0.000592	0.00118	0.00236	0.00468	0.00697	0.00922
119	0.000595	0.00119	0.00237	0.0047	0.00699	0.00926
119.5	0.000597	0.00119	0.00238	0.00472	0.00702	0.0093
120	0.0006	0.0012	0.00239	0.00474	0.00705	0.00933
120.5	0.000602	0.0012	0.0024	0.00476	0.00708	0.00937
121	0.000605	0.00121	0.00241	0.00478	0.00711	0.00941
121.5	0.000607	0.00121	0.00242	0.0048	0.00714	0.00945
122	0.00061	0.00122	0.00242	0.00481	0.00717	0.00949
122.5	0.000612	0.00122	0.00243	0.00483	0.0072	0.00953
123	0.000615	0.00123	0.00244	0.00485	0.00723	0.00956
123.5	0.000617	0.00123	0.00245	0.00487	0.00726	0.0096
124	0.00062	0.00124	0.00246	0.00489	0.00729	0.00964
124.5	0.000622	0.00124	0.00247	0.00491	0.00731	0.00968
125	0.000625	0.00125	0.00248	0.00493	0.00734	0.00972
125.5	0.000627	0.00125	0.00249	0.00495	0.00737	0.00976
126	0.000629	0.00126	0.0025	0.00497	0.0074	0.00979
126.5	0.000632	0.00126	0.00251	0.00499	0.00743	0.00983
127	0.000634	0.00127	0.00252	0.00501	0.00746	0.00987
127.5	0.000637	0.00127	0.00253	0.00503	0.00749	0.00991
128	0.000639	0.00128	0.00254	0.00505	0.00752	0.00995
128.5	0.000642	0.00128	0.00255	0.00507	0.00755	0.00998
129	0.000644	0.00129	0.00256	0.00509	0.00758	0.01
129.5	0.000647	0.00129	0.00257	0.00511	0.0076	0.0101
130	0.000649	0.0013	0.00258	0.00513	0.00763	0.0101
130.5	0.000652	0.0013	0.00259	0.00515	0.00766	0.0101
131	0.000654	0.00131	0.0026	0.00517	0.00769	0.0102
131.5	0.000657	0.00131	0.00261	0.00519	0.00772	0.0102
132	0.000659	0.00132	0.00262	0.00521	0.00775	0.0103
132.5	0.000662	0.00132	0.00263	0.00523	0.00778	0.0103
133	0.000664	0.00133	0.00264	0.00525	0.00781	0.0103
133.5	0.000667	0.00133	0.00265	0.00526	0.00784	0.0104
134	0.000669	0.00134	0.00266	0.00528	0.00787	0.0104
134.5	0.000672	0.00134	0.00267	0.0053	0.00789	0.0104
135	0.000674	0.00135	0.00268	0.00532	0.00792	0.0105
135.5	0.000677	0.00135	0.00269	0.00534	0.00795	0.0105
136	0.000679	0.00136	0.0027	0.00536	0.00798	0.0106
136.5	0.000682	0.00136	0.00271	0.00538	0.00801	0.0106
137	0.000684	0.00137	0.00272	0.0054	0.00804	0.0106
137.5	0.000687	0.00137	0.00273	0.00542	0.00807	0.0107
138	0.000689	0.00138	0.00274	0.00544	0.0081	0.0107
138.5	0.000692	0.00138	0.00275	0.00546	0.00813	0.0107
139	0.000694	0.00139	0.00276	0.00548	0.00815	0.0108
139.5	0.000697	0.00139	0.00277	0.0055	0.00818	0.0108
140	0.000699	0.0014	0.00278	0.00552	0.00821	0.0109
140.5	0.000702	0.0014	0.00279	0.00554	0.00824	0.0109
141	0.000704	0.00141	0.0028	0.00556	0.00827	0.0109
141.5	0.000707	0.00141	0.00281	0.00558	0.0083	0.011
142	0.000709	0.00142	0.00282	0.0056	0.00833	0.011
142.5	0.000712	0.00142	0.00283	0.00562	0.00836	0.0111
143	0.000714	0.00143	0.00284	0.00564	0.00839	0.0111
143.5	0.000717	0.00143	0.00285	0.00566	0.00841	0.0111
144	0.000719	0.00144	0.00286	0.00568	0.00844	0.0112
144.5	0.000722	0.00144	0.00287	0.00569	0.00847	0.0112
145	0.000724	0.00145	0.00288	0.00571	0.0085	0.0112
145.5	0.000727	0.00145	0.00289	0.00573	0.00853	0.0113
146	0.000729	0.00146	0.0029	0.00575	0.00856	0.0113
146.5	0.000732	0.00146	0.00291	0.00577	0.00859	0.0114
147	0.000734	0.00147	0.00292	0.00579	0.00862	0.0114
147.5	0.000737	0.00147	0.00293	0.00581	0.00865	0.0114
148	0.000739	0.00148	0.00294	0.00583	0.00867	0.0115
148.5	0.000742	0.00148	0.00295	0.00585	0.0087	0.0115
149	0.000744	0.00149	0.00296	0.00587	0.00873	0.0115
149.5	0.000747	0.00149	0.00297	0.00589	0.00876	0.0116
150	0.000749	0.0015	0.00298	0.00591	0.00879	0.0116
150.5	0.000752	0.0015	0.00299	0.00593	0.00882	0.0117
151	0.000754	0.00151	0.003	0.00595	0.00885	0.0117
151.5	0.000757	0.00151	0.00301	0.00597	0.00888	0.0117
152	0.000759	0.00152	0.00302	0.00599	0.00891	0.0118
152.5	0.000762	0.00152	0.00303	0.00601	0.00893	0.0118
153	0.000764	0.00153	0.00304	0.00603	0.00896	0.0119
153.5	0.000767	0.00153	0.00305	0.00605	0.00899	0.0119
154	0.000769	0.00154	0.00306	0.00607	0.00902	0.0119
154.5	0.000772	0.00154	0.00307	0.00608	0.00905	0.012
155	0.000774	0.00155	0.00308	0.0061	0.00908	0.012
155.5	0.000777	0.00155	0.00309	0.00612	0.00911	0.012
156	0.000779	0.00156	0.0031	0.00614	0.00914	0.0121
156.5	0.000782	0.00156	0.00311	0.00616	0.00917	0.0121
157	0.000784	0.00157	0.00312	0.00618	0.00919	0.0122
157.5	0.000787	0.00157	0.00313	0.0062	0.00922	0.0122
158	0.000789	0.00158	0.00314	0.00622	0.00925	0.0122
158.5	0.000792	0.00158	0.00315	0.00624	0.00928	0.0123
159	0.000794	0.00159	0.00316	0.00626	0.00931	0.0123
159.5	0.000797	0.00159	0.00317	0.00628	0.00934	0.0123
160	0.000799	0.0016	0.00318	0.0063	0.00937	0.0124
160.5	0.000802	0.0016	0.00319	0.00632	0.0094	0.0124
161	0.000804	0.00161	0.0032	0.00634	0.00942	0.0125
161.5	0.000807	0.00161	0.00321	0.00636	0.00945	0.0125
162	0.000809	0.00161	0.00322	0.00638	0.00948	0.0125
162.5	0.000812	0.00162	0.00323	0.0064	0.00951	0.0126
163	0.000814	0.00162	0.00324	0.00642	0.00954	0.0126
163.5	0.000817	0.00163	0.00325	0.00644	0.00957	0.0126
164	0.000819	0.00163	0.00326	0.00645	0.0096	0.0127
164.5	0.000822	0.00164	0.00327	0.00647	0.00963	0.0127
165	0.000824	0.00164	0.00328	0.00649	0.00966	0.0128
165.5	0.000827	0.00165	0.00329	0.00651	0.00968	0.0128
166	0.000829	0.00165	0.0033	0.00653	0.00971	0.0128
166.5	0.000832	0.00166	0.00331	0.00655	0.00974	0.0129
167	0.000834	0.00166	0.00331	0.00657	0.00977	0.0129
167.5	0.000837	0.00167	0.00332	0.00659	0.0098	0.0129
168	0.000839	0.00167	0.00333	0.00661	0.00983	0.013
168.5	0.000842	0.00168	0.00334	0.00663	0.00986	0.013
169	0.000844	0.00168	0.00335	0.00665	0.00989	0.0131
169.5	0.000847	0.00169	0.00336	0.00667	0.00991	0.0131
170	0.000849	0.00169	0.00337	0.00669	0.00994	0.0131
170.5	0.000852	0.0017	0.00338	0.00671	0.00997	0.0132
171	0.000854	0.0017	0.00339	0.00673	0.01	0.0132
171.5	0.000857	0.00171	0.0034	0.00675	0.01	0.0133
172	0.000859	0.00171	0.00341	0.00677	0.0101	0.0133
172.5	0.000862	0.00172	0.00342	0.00679	0.0101	0.0133
173	0.000864	0.00172	0.00343	0.00681	0.0101	0.0134
173.5	0.000867	0.00173	0.00344	0.00682	0.0101	0.0134
174	0.000869	0.00173	0.00345	0.00684	0.0102	0.0134
174.5	0.000872	0.00174	0.00346	0.00686	0.0102	0.0135
175	0.000874	0.00174	0.00347	0.00688	0.0102	0.0135
175.5	0.000877	0.00175	0.00348	0.0069	0.0103	0.0136
176	0.000879	0.00175	0.00349	0.00692	0.0103	0.0136
176.5	0.000882	0.00176	0.0035	0.00694	0.0103	0.0136
177	0.000884	0.00176	0.00351	0.00696	0.0103	0.0137
177.5	0.000886	0.00177	0.00352	0.00698	0.0104	0.0137
178	0.000889	0.00177	0.00353	0.007	0.0104	0.0137
178.5	0.000891	0.00178	0.00354	0.00702	0.0104	0.0138
179	0.000894	0.00178	0.00355	0.00704	0.0105	0.0138
179.5	0.000896	0.00179	0.00356	0.00706	0.0105	0.0139
180	0.000899	0.00179	0.00357	0.00708	0.0105	0.0139
180.5	0.000901	0.0018	0.00358	0.0071	0.0105	0.0139
181	0.000904	0.0018	0.00359	0.00712	0.0106	0.014
181.5	0.000906	0.00181	0.0036	0.00714	0.0106	0.014
182	0.000909	0.00181	0.00361	0.00716	0.0106	0.014
182.5	0.000911	0.00182	0.00362	0.00717	0.0107	0.0141
183	0.000914	0.00182	0.00363	0.00719	0.0107	0.0141
183.5	0.000916	0.00183	0.00364	0.00721	0.0107	0.0142
184	0.000919	0.00183	0.00365	0.00723	0.0107	0.0142
184.5	0.000921	0.00184	0.00366	0.00725	0.0108	0.0142
185	0.000924	0.00184	0.00367	0.00727	0.0108	0.0143
185.5	0.000926	0.00185	0.00368	0.00729	0.0108	0.0143
186	0.000929	0.00185	0.00369	0.00731	0.0109	0.0143
186.5	0.000931	0.00186	0.0037	0.00733	0.0109	0.0144
187	0.000934	0.00186	0.00371	0.00735	0.0109	0.0144
187.5	0.000936	0.00187	0.00372	0.00737	0.0109	0.0145
188	0.000939	0.00187	0.00373	0.00739	0.011	0.0145
188.5	0.000941	0.00188	0.00374	0.00741	0.011	0.0145
189	0.000944	0.00188	0.00375	0.00743	0.011	0.0146
189.5	0.000946	0.00189	0.00376	0.00745	0.0111	0.0146
190	0.000949	0.00189	0.00377	0.00747	0.0111	0.0146
190.5	0.000951	0.0019	0.00378	0.00749	0.0111	0.0147
191	0.000954	0.0019	0.00379	0.0075	0.0111	0.0147
191.5	0.000956	0.00191	0.0038	0.00752	0.0112	0.0148
192	0.000959	0.00191	0.00381	0.00754	0.0112	0.0148
192.5	0.000961	0.00192	0.00382	0.00756	0.0112	0.0148
193	0.000964	0.00192	0.00383	0.00758	0.0113	0.0149
193.5	0.000966	0.00193	0.00384	0.0076	0.0113	0.0149
194	0.000969	0.00193	0.00385	0.00762	0.0113	0.0149
194.5	0.000971	0.00194	0.00386	0.00764	0.0113	0.015
195	0.000974	0.00194	0.00387	0.00766	0.0114	0.015
195.5	0.000976	0.00195	0.00388	0.00768	0.0114	0.0151
196	0.000979	0.00195	0.00389	0.0077	0.0114	0.0151
196.5	0.000981	0.00196	0.0039	0.00772	0.0115	0.0151
197	0.000984	0.00196	0.00391	0.00774	0.0115	0.0152
197.5	0.000986	0.00197	0.00392	0.00776	0.0115	0.0152
198	0.000989	0.00197	0.00393	0.00778	0.0115	0.0152
198.5	0.000991	0.00198	0.00394	0.0078	0.0116	0.0153
199	0.000994	0.00198	0.00395	0.00781	0.0116	0.0153
199.5	0.000996	0.00199	0.00396	0.00783	0.0116	0.0154
200	0.000999	0.00199	0.00397	0.00785	0.0117	0.0154
200.5	0.001	0.002	0.00398	0.00787	0.0117	0.0154
201	0.001	0.002	0.00399	0.00789	0.0117	0.0155
201.5	0.00101	0.00201	0.004	0.00791	0.0117	0.0155
202	0.00101	0.00201	0.00401	0.00793	0.0118	0.0155
202.5	0.00101	0.00202	0.00402	0.00795	0.0118	0.0156
203	0.00101	0.00202	0.00402	0.00797	0.0118	0.0156
203.5	0.00102	0.00203	0.00403	0.00799	0.0119	0.0157
204	0.00102	0.00203	0.00404	0.00801	0.0119	0.0157
204.5	0.00102	0.00204	0.00405	0.00803	0.0119	0.0157
205	0.00102	0.00204	0.00406	0.00805	0.0119	0.0158
205.5	0.00103	0.00205	0.00407	0.00807	0.012	0.0158
206	0.00103	0.00205	0.00408	0.00809	0.012	0.0158
206.5	0.00103	0.00206	0.00409	0.00811	0.012	0.0159
207	0.00103	0.00206	0.0041	0.00812	0.0121	0.0159
207.5	0.00104	0.00207	0.00411	0.00814	0.0121	0.016
208	0.00104	0.00207	0.00412	0.00816	0.0121	0.016
208.5	0.00104	0.00208	0.00413	0.00818	0.0121	0.016
209	0.00104	0.00208	0.00414	0.0082	0.0122	0.0161
209.5	0.00105	0.00209	0.00415	0.00822	0.0122	0.0161
210	0.00105	0.00209	0.00416	0.00824	0.0122	0.0161
210.5	0.00105	0.0021	0.00417	0.00826	0.0123	0.0162
211	0.00105	0.0021	0.00418	0.00828	0.0123	0.0162
211.5	0.00106	0.00211	0.00419	0.0083	0.0123	0.0163
212	0.00106	0.00211	0.0042	0.00832	0.0123	0.0163
212.5	0.00106	0.00212	0.00421	0.00834	0.0124	0.0163
213	0.00106	0.00212	0.00422	0.00836	0.0124	0.0164
213.5	0.00107	0.00213	0.00423	0.00838	0.0124	0.0164
214	0.00107	0.00213	0.00424	0.0084	0.0125	0.0164
214.5	0.00107	0.00214	0.00425	0.00842	0.0125	0.0165
215	0.00107	0.00214	0.00426	0.00843	0.0125	0.0165
215.5	0.00108	0.00215	0.00427	0.00845	0.0125	0.0166
216	0.00108	0.00215	0.00428	0.00847	0.0126	0.0166
216.5	0.00108	0.00216	0.00429	0.00849	0.0126	0.0166
217	0.00108	0.00216	0.0043	0.00851	0.0126	0.0167
217.5	0.00109	0.00217	0.00431	0.00853	0.0127	0.0167
218	0.00109	0.00217	0.00432	0.00855	0.0127	0.0167
218.5	0.00109	0.00218	0.00433	0.00857	0.0127	0.0168
219	0.00109	0.00218	0.00434	0.00859	0.0127	0.0168
219.5	0.0011	0.00219	0.00435	0.00861	0.0128	0.0168
220	0.0011	0.00219	0.00436	0.00863	0.0128	0.0169
220.5	0.0011	0.0022	0.00437	0.00865	0.0128	0.0169
221	0.0011	0.0022	0.00438	0.00867	0.0129	0.017
221.5	0.00111	0.00221	0.00439	0.00869	0.0129	0.017
222	0.00111	0.00221	0.0044	0.00871	0.0129	0.017
222.5	0.00111	0.00222	0.00441	0.00872	0.0129	0.0171
223	0.00111	0.00222	0.00442	0.00874	0.013	0.0171
223.5	0.00112	0.00223	0.00443	0.00876	0.013	0.0171
224	0.00112	0.00223	0.00444	0.00878	0.013	0.0172
224.5	0.00112	0.00224	0.00445	0.0088	0.0131	0.0172
225	0.00112	0.00224	0.00446	0.00882	0.0131	0.0173
225.5	0.00113	0.00225	0.00447	0.00884	0.0131	0.0173
226	0.00113	0.00225	0.00448	0.00886	0.0131	0.0173
226.5	0.00113	0.00226	0.00449	0.00888	0.0132	0.0174
227	0.00113	0.00226	0.0045	0.0089	0.0132	0.0174
227.5	0.00114	0.00227	0.00451	0.00892	0.0132	0.0174
228	0.00114	0.00227	0.00452	0.00894	0.0133	0.0175
228.5	0.00114	0.00228	0.00453	0.00896	0.0133	0.0175
229	0.00114	0.00228	0.00454	0.00898	0.0133	0.0176
229.5	0.00115	0.00229	0.00455	0.00899	0.0133	0.0176
230	0.00115	0.00229	0.00456	0.00901	0.0134	0.0176
230.5	0.00115	0.0023	0.00457	0.00903	0.0134	0.0177
231	0.00115	0.0023	0.00458	0.00905	0.0134	0.0177
231.5	0.00116	0.00231	0.00459	0.00907	0.0135	0.0177
232	0.00116	0.00231	0.0046	0.00909	0.0135	0.0178
232.5	0.00116	0.00232	0.00461	0.00911	0.0135	0.0178
233	0.00116	0.00232	0.00462	0.00913	0.0135	0.0179
233.5	0.00117	0.00233	0.00463	0.00915	0.0136	0.0179
234	0.00117	0.00233	0.00464	0.00917	0.0136	0.0179
234.5	0.00117	0.00234	0.00464	0.00919	0.0136	0.018
235	0.00117	0.00234	0.00465	0.00921	0.0137	0.018
235.5	0.00118	0.00235	0.00466	0.00923	0.0137	0.018
236	0.00118	0.00235	0.00467	0.00925	0.0137	0.0181
236.5	0.00118	0.00235	0.00468	0.00926	0.0137	0.0181
237	0.00118	0.00236	0.00469	0.00928	0.0138	0.0181
237.5	0.00119	0.00236	0.0047	0.0093	0.0138	0.0182
238	0.00119	0.00237	0.00471	0.00932	0.0138	0.0182
238.5	0.00119	0.00237	0.00472	0.00934	0.0139	0.0183
239	0.00119	0.00238	0.00473	0.00936	0.0139	0.0183
239.5	0.0012	0.00238	0.00474	0.00938	0.0139	0.0183
240	0.0012	0.00239	0.00475	0.0094	0.0139	0.0184
240.5	0.0012	0.00239	0.00476	0.00942	0.014	0.0184
241	0.0012	0.0024	0.00477	0.00944	0.014	0.0184
241.5	0.00121	0.0024	0.00478	0.00946	0.014	0.0185
242	0.00121	0.00241	0.00479	0.00948	0.0141	0.0185
242.5	0.00121	0.00241	0.0048	0.0095	0.0141	0.0186
243	0.00121	0.00242	0.00481	0.00952	0.0141	0.0186
243.5	0.00122	0.00242	0.00482	0.00953	0.0141	0.0186
244	0.00122	0.00243	0.00483	0.00955	0.0142	0.0187
244.5	0.00122	0.00243	0.00484	0.00957	0.0142	0.0187
245	0.00122	0.00244	0.00485	0.00959	0.0142	0.0187
245.5	0.00123	0.00244	0.00486	0.00961	0.0143	0.0188
246	0.00123	0.00245	0.00487	0.00963	0.0143	0.0188
246.5	0.00123	0.00245	0.00488	0.00965	0.0143	0.0189
247	0.00123	0.00246	0.00489	0.00967	0.0143	0.0189
247.5	0.00124	0.00246	0.0049	0.00969	0.0144	0.0189
248	0.00124	0.00247	0.00491	0.00971	0.0144	0.019
248.5	0.00124	0.00247	0.00492	0.00973	0.0144	0.019
249	0.00124	0.00248	0.00493	0.00975	0.0144	0.019
249.5	0.00125	0.00248	0.00494	0.00977	0.0145	0.0191
250	0.00125	0.00249	0.00495	0.00978	0.0145	0.0191
250.5	0.00125	0.00249	0.00496	0.0098	0.0145	0.0191
251	0.00125	0.0025	0.00497	0.00982	0.0146	0.0192
251.5	0.00126	0.0025	0.00498	0.00984	0.0146	0.0192
252	0.00126	0.00251	0.00499	0.00986	0.0146	0.0193
252.5	0.00126	0.00251	0.005	0.00988	0.0146	0.0193
253	0.00126	0.00252	0.00501	0.0099	0.0147	0.0193
253.5	0.00127	0.00252	0.00502	0.00992	0.0147	0.0194
254	0.00127	0.00253	0.00503	0.00994	0.0147	0.0194
254.5	0.00127	0.00253	0.00504	0.00996	0.0148	0.0194
255	0.00127	0.00254	0.00505	0.00998	0.0148	0.0195
255.5	0.00128	0.00254	0.00506	0.01	0.0148	0.0195
256	0.00128	0.00255	0.00507	0.01	0.0148	0.0196
256.5	0.00128	0.00255	0.00508	0.01	0.0149	0.0196
257	0.00128	0.00256	0.00509	0.0101	0.0149	0.0196
257.5	0.00129	0.00256	0.0051	0.0101	0.0149	0.0197
258	0.00129	0.00257	0.00511	0.0101	0.015	0.0197
258.5	0.00129	0.00257	0.00512	0.0101	0.015	0.0197
259	0.00129	0.00258	0.00513	0.0101	0.015	0.0198
259.5	0.0013	0.00258	0.00514	0.0102	0.015	0.0198
260	0.0013	0.00259	0.00515	0.0102	0.0151	0.0198
260.5	0.0013	0.00259	0.00516	0.0102	0.0151	0.0199
261	0.0013	0.0026	0.00517	0.0102	0.0151	0.0199
261.5	0.00131	0.0026	0.00518	0.0102	0.0152	0.02
262	0.00131	0.00261	0.00519	0.0102	0.0152	0.02
262.5	0.00131	0.00261	0.00519	0.0103	0.0152	0.02
263	0.00131	0.00262	0.0052	0.0103	0.0152	0.0201
263.5	0.00132	0.00262	0.00521	0.0103	0.0153	0.0201
264	0.00132	0.00263	0.00522	0.0103	0.0153	0.0201
264.5	0.00132	0.00263	0.00523	0.0103	0.0153	0.0202
265	0.00132	0.00264	0.00524	0.0104	0.0154	0.0202
265.5	0.00133	0.00264	0.00525	0.0104	0.0154	0.0203
266	0.00133	0.00265	0.00526	0.0104	0.0154	0.0203
266.5	0.00133	0.00265	0.00527	0.0104	0.0154	0.0203
267	0.00133	0.00266	0.00528	0.0104	0.0155	0.0204
267.5	0.00134	0.00266	0.00529	0.0105	0.0155	0.0204
268	0.00134	0.00267	0.0053	0.0105	0.0155	0.0204
268.5	0.00134	0.00267	0.00531	0.0105	0.0155	0.0205
269	0.00134	0.00268	0.00532	0.0105	0.0156	0.0205
269.5	0.00135	0.00268	0.00533	0.0105	0.0156	0.0205
270	0.00135	0.00269	0.00534	0.0106	0.0156	0.0206
270.5	0.00135	0.00269	0.00535	0.0106	0.0157	0.0206
271	0.00135	0.0027	0.00536	0.0106	0.0157	0.0207
271.5	0.00136	0.0027	0.00537	0.0106	0.0157	0.0207
272	0.00136	0.00271	0.00538	0.0106	0.0157	0.0207
272.5	0.00136	0.00271	0.00539	0.0107	0.0158	0.0208
273	0.00136	0.00272	0.0054	0.0107	0.0158	0.0208
273.5	0.00137	0.00272	0.00541	0.0107	0.0158	0.0208
274	0.00137	0.00273	0.00542	0.0107	0.0159	0.0209
274.5	0.00137	0.00273	0.00543	0.0107	0.0159	0.0209
275	0.00137	0.00274	0.00544	0.0107	0.0159	0.0209
275.5	0.00138	0.00274	0.00545	0.0108	0.0159	0.021
276	0.00138	0.00275	0.00546	0.0108	0.016	0.021
276.5	0.00138	0.00275	0.00547	0.0108	0.016	0.0211
277	0.00138	0.00276	0.00548	0.0108	0.016	0.0211
277.5	0.00138	0.00276	0.00549	0.0108	0.0161	0.0211
278	0.00139	0.00277	0.0055	0.0109	0.0161	0.0212
278.5	0.00139	0.00277	0.00551	0.0109	0.0161	0.0212
279	0.00139	0.00278	0.00552	0.0109	0.0161	0.0212
279.5	0.00139	0.00278	0.00553	0.0109	0.0162	0.0213
280	0.0014	0.00279	0.00554	0.0109	0.0162	0.0213
280.5	0.0014	0.00279	0.00555	0.011	0.0162	0.0213
281	0.0014	0.0028	0.00556	0.011	0.0163	0.0214
281.5	0.0014	0.0028	0.00557	0.011	0.0163	0.0214
282	0.00141	0.00281	0.00558	0.011	0.0163	0.0215
282.5	0.00141	0.00281	0.00559	0.011	0.0163	0.0215
283	0.00141	0.00282	0.0056	0.0111	0.0164	0.0215
283.5	0.00141	0.00282	0.00561	0.0111	0.0164	0.0216
284	0.00142	0.00283	0.00562	0.0111	0.0164	0.0216
284.5	0.00142	0.00283	0.00563	0.0111	0.0164	0.0216
285	0.00142	0.00284	0.00564	0.0111	0.0165	0.0217
285.5	0.00142	0.00284	0.00565	0.0111	0.0165	0.0217
286	0.00143	0.00285	0.00566	0.0112	0.0165	0.0218
286.5	0.00143	0.00285	0.00567	0.0112	0.0166	0.0218
287	0.00143	0.00286	0.00568	0.0112	0.0166	0.0218
287.5	0.00143	0.00286	0.00569	0.0112	0.0166	0.0219
288	0.00144	0.00287	0.00569	0.0112	0.0166	0.0219
288.5	0.00144	0.00287	0.0057	0.0113	0.0167	0.0219
289	0.00144	0.00288	0.00571	0.0113	0.0167	0.022
289.5	0.00144	0.00288	0.00572	0.0113	0.0167	0.022
290	0.00145	0.00289	0.00573	0.0113	0.0168	0.022
290.5	0.00145	0.00289	0.00574	0.0113	0.0168	0.0221
291	0.00145	0.0029	0.00575	0.0114	0.0168	0.0221
291.5	0.00145	0.0029	0.00576	0.0114	0.0168	0.0222
292	0.00146	0.00291	0.00577	0.0114	0.0169	0.0222
292.5	0.00146	0.00291	0.00578	0.0114	0.0169	0.0222
293	0.00146	0.00291	0.00579	0.0114	0.0169	0.0223
293.5	0.00146	0.00292	0.0058	0.0115	0.017	0.0223
294	0.00147	0.00292	0.00581	0.0115	0.017	0.0223
294.5	0.00147	0.00293	0.00582	0.0115	0.017	0.0224
295	0.00147	0.00293	0.00583	0.0115	0.017	0.0224
295.5	0.00147	0.00294	0.00584	0.0115	0.0171	0.0224
296	0.00148	0.00294	0.00585	0.0116	0.0171	0.0225
296.5	0.00148	0.00295	0.00586	0.0116	0.0171	0.0225
297	0.00148	0.00295	0.00587	0.0116	0.0172	0.0226
297.5	0.00148	0.00296	0.00588	0.0116	0.0172	0.0226
298	0.00149	0.00296	0.00589	0.0116	0.0172	0.0226
298.5	0.00149	0.00297	0.0059	0.0116	0.0172	0.0227
299	0.00149	0.00297	0.00591	0.0117	0.0173	0.0227
299.5	0.00149	0.00298	0.00592	0.0117	0.0173	0.0227
300	0.0015	0.00298	0.00593	0.0117	0.0173	0.0228
300.5	0.0015	0.00299	0.00594	0.0117	0.0173	0.0228
301	0.0015	0.00299	0.00595	0.0117	0.0174	0.0228
301.5	0.0015	0.003	0.00596	0.0118	0.0174	0.0229
302	0.00151	0.003	0.00597	0.0118	0.0174	0.0229
302.5	0.00151	0.00301	0.00598	0.0118	0.0175	0.023
303	0.00151	0.00301	0.00599	0.0118	0.0175	0.023
303.5	0.00151	0.00302	0.006	0.0118	0.0175	0.023
304	0.00152	0.00302	0.00601	0.0119	0.0175	0.0231
304.5	0.00152	0.00303	0.00602	0.0119	0.0176	0.0231
305	0.00152	0.00303	0.00603	0.0119	0.0176	0.0231
305.5	0.00152	0.00304	0.00604	0.0119	0.0176	0.0232
306	0.00153	0.00304	0.00605	0.0119	0.0177	0.0232
306.5	0.00153	0.00305	0.00606	0.012	0.0177	0.0232
307	0.00153	0.00305	0.00607	0.012	0.0177	0.0233
307.5	0.00153	0.00306	0.00608	0.012	0.0177	0.0233
308	0.00154	0.00306	0.00609	0.012	0.0178	0.0234
308.5	0.00154	0.00307	0.0061	0.012	0.0178	0.0234
309	0.00154	0.00307	0.00611	0.012	0.0178	0.0234
309.5	0.00154	0.00308	0.00612	0.0121	0.0178	0.0235
310	0.00155	0.00308	0.00613	0.0121	0.0179	0.0235
310.5	0.00155	0.00309	0.00614	0.0121	0.0179	0.0235
311	0.00155	0.00309	0.00615	0.0121	0.0179	0.0236
311.5	0.00155	0.0031	0.00615	0.0121	0.018	0.0236
312	0.00156	0.0031	0.00616	0.0122	0.018	0.0236
312.5	0.00156	0.00311	0.00617	0.0122	0.018	0.0237
313	0.00156	0.00311	0.00618	0.0122	0.018	0.0237
313.5	0.00156	0.00312	0.00619	0.0122	0.0181	0.0238
314	0.00157	0.00312	0.0062	0.0122	0.0181	0.0238
314.5	0.00157	0.00313	0.00621	0.0123	0.0181	0.0238
315	0.00157	0.00313	0.00622	0.0123	0.0182	0.0239
315.5	0.00157	0.00314	0.00623	0.0123	0.0182	0.0239
316	0.00158	0.00314	0.00624	0.0123	0.0182	0.0239
316.5	0.00158	0.00315	0.00625	0.0123	0.0182	0.024
317	0.00158	0.00315	0.00626	0.0124	0.0183	0.024
317.5	0.00158	0.00316	0.00627	0.0124	0.0183	0.024
318	0.00159	0.00316	0.00628	0.0124	0.0183	0.0241
318.5	0.00159	0.00317	0.00629	0.0124	0.0184	0.0241
319	0.00159	0.00317	0.0063	0.0124	0.0184	0.0241
319.5	0.00159	0.00318	0.00631	0.0124	0.0184	0.0242
320	0.0016	0.00318	0.00632	0.0125	0.0184	0.0242
320.5	0.0016	0.00319	0.00633	0.0125	0.0185	0.0243
321	0.0016	0.00319	0.00634	0.0125	0.0185	0.0243
321.5	0.0016	0.0032	0.00635	0.0125	0.0185	0.0243
322	0.00161	0.0032	0.00636	0.0125	0.0185	0.0244
322.5	0.00161	0.00321	0.00637	0.0126	0.0186	0.0244
323	0.00161	0.00321	0.00638	0.0126	0.0186	0.0244
323.5	0.00161	0.00322	0.00639	0.0126	0.0186	0.0245
324	0.00162	0.00322	0.0064	0.0126	0.0187	0.0245
324.5	0.00162	0.00323	0.00641	0.0126	0.0187	0.0245
325	0.00162	0.00323	0.00642	0.0127	0.0187	0.0246
325.5	0.00162	0.00324	0.00643	0.0127	0.0187	0.0246
326	0.00163	0.00324	0.00644	0.0127	0.0188	0.0247
326.5	0.00163	0.00325	0.00645	0.0127	0.0188	0.0247
327	0.00163	0.00325	0.00646	0.0127	0.0188	0.0247
327.5	0.00163	0.00326	0.00647	0.0128	0.0189	0.0248
328	0.00164	0.00326	0.00648	0.0128	0.0189	0.0248
328.5	0.00164	0.00327	0.00649	0.0128	0.0189	0.0248
329	0.00164	0.00327	0.0065	0.0128	0.0189	0.0249
329.5	0.00164	0.00328	0.00651	0.0128	0.019	0.0249
330	0.00165	0.00328	0.00652	0.0128	0.019	0.0249
330.5	0.00165	0.00329	0.00653	0.0129	0.019	0.025
331	0.00165	0.00329	0.00654	0.0129	0.019	0.025
331.5	0.00165	0.0033	0.00655	0.0129	0.0191	0.0251
332	0.00166	0.0033	0.00656	0.0129	0.0191	0.0251
332.5	0.00166	0.00331	0.00657	0.0129	0.0191	0.0251
333	0.00166	0.00331	0.00658	0.013	0.0192	0.0252
333.5	0.00166	0.00332	0.00658	0.013	0.0192	0.0252
334	0.00167	0.00332	0.00659	0.013	0.0192	0.0252
334.5	0.00167	0.00333	0.0066	0.013	0.0192	0.0253
335	0.00167	0.00333	0.00661	0.013	0.0193	0.0253
335.5	0.00167	0.00334	0.00662	0.0131	0.0193	0.0253
336	0.00168	0.00334	0.00663	0.0131	0.0193	0.0254
336.5	0.00168	0.00335	0.00664	0.0131	0.0194	0.0254
337	0.00168	0.00335	0.00665	0.0131	0.0194	0.0254
337.5	0.00168	0.00336	0.00666	0.0131	0.0194	0.0255
338	0.00169	0.00336	0.00667	0.0132	0.0194	0.0255
338.5	0.00169	0.00337	0.00668	0.0132	0.0195	0.0256
339	0.00169	0.00337	0.00669	0.0132	0.0195	0.0256
339.5	0.00169	0.00338	0.0067	0.0132	0.0195	0.0256
340	0.0017	0.00338	0.00671	0.0132	0.0195	0.0257
340.5	0.0017	0.00339	0.00672	0.0132	0.0196	0.0257
341	0.0017	0.00339	0.00673	0.0133	0.0196	0.0257
341.5	0.0017	0.00339	0.00674	0.0133	0.0196	0.0258
342	0.00171	0.0034	0.00675	0.0133	0.0197	0.0258
342.5	0.00171	0.0034	0.00676	0.0133	0.0197	0.0258
343	0.00171	0.00341	0.00677	0.0133	0.0197	0.0259
343.5	0.00171	0.00341	0.00678	0.0134	0.0197	0.0259
344	0.00172	0.00342	0.00679	0.0134	0.0198	0.0259
344.5	0.00172	0.00342	0.0068	0.0134	0.0198	0.026
345	0.00172	0.00343	0.00681	0.0134	0.0198	0.026
345.5	0.00172	0.00343	0.00682	0.0134	0.0199	0.0261
346	0.00173	0.00344	0.00683	0.0135	0.0199	0.0261
346.5	0.00173	0.00344	0.00684	0.0135	0.0199	0.0261
347	0.00173	0.00345	0.00685	0.0135	0.0199	0.0262
347.5	0.00173	0.00345	0.00686	0.0135	0.02	0.0262
348	0.00174	0.00346	0.00687	0.0135	0.02	0.0262
348.5	0.00174	0.00346	0.00688	0.0136	0.02	0.0263
349	0.00174	0.00347	0.00689	0.0136	0.02	0.0263
349.5	0.00174	0.00347	0.0069	0.0136	0.0201	0.0263
350	0.00175	0.00348	0.00691	0.0136	0.0201	0.0264
350.5	0.00175	0.00348	0.00692	0.0136	0.0201	0.0264
351	0.00175	0.00349	0.00693	0.0136	0.0202	0.0265
351.5	0.00175	0.00349	0.00694	0.0137	0.0202	0.0265
352	0.00176	0.0035	0.00695	0.0137	0.0202	0.0265
352.5	0.00176	0.0035	0.00696	0.0137	0.0202	0.0266
353	0.00176	0.00351	0.00697	0.0137	0.0203	0.0266
353.5	0.00176	0.00351	0.00698	0.0137	0.0203	0.0266
354	0.00177	0.00352	0.00698	0.0138	0.0203	0.0267
354.5	0.00177	0.00352	0.00699	0.0138	0.0203	0.0267
355	0.00177	0.00353	0.007	0.0138	0.0204	0.0267
355.5	0.00177	0.00353	0.00701	0.0138	0.0204	0.0268
356	0.00178	0.00354	0.00702	0.0138	0.0204	0.0268
356.5	0.00178	0.00354	0.00703	0.0139	0.0205	0.0268
357	0.00178	0.00355	0.00704	0.0139	0.0205	0.0269
357.5	0.00178	0.00355	0.00705	0.0139	0.0205	0.0269
358	0.00179	0.00356	0.00706	0.0139	0.0205	0.027
358.5	0.00179	0.00356	0.00707	0.0139	0.0206	0.027
359	0.00179	0.00357	0.00708	0.014	0.0206	0.027
359.5	0.00179	0.00357	0.00709	0.014	0.0206	0.0271
360	0.0018	0.00358	0.0071	0.014	0.0207	0.0271
360.5	0.0018	0.00358	0.00711	0.014	0.0207	0.0271
361	0.0018	0.00359	0.00712	0.014	0.0207	0.0272
361.5	0.0018	0.00359	0.00713	0.014	0.0207	0.0272
362	0.00181	0.0036	0.00714	0.0141	0.0208	0.0272
362.5	0.00181	0.0036	0.00715	0.0141	0.0208	0.0273
363	0.00181	0.00361	0.00716	0.0141	0.0208	0.0273
363.5	0.00181	0.00361	0.00717	0.0141	0.0208	0.0273
364	0.00182	0.00362	0.00718	0.0141	0.0209	0.0274
364.5	0.00182	0.00362	0.00719	0.0142	0.0209	0.0274
365	0.00182	0.00363	0.0072	0.0142	0.0209	0.0275
365.5	0.00182	0.00363	0.00721	0.0142	0.021	0.0275
366	0.00183	0.00364	0.00722	0.0142	0.021	0.0275
366.5	0.00183	0.00364	0.00723	0.0142	0.021	0.0276
367	0.00183	0.00365	0.00724	0.0143	0.021	0.0276
367.5	0.00183	0.00365	0.00725	0.0143	0.0211	0.0276
368	0.00184	0.00366	0.00726	0.0143	0.0211	0.0277
368.5	0.00184	0.00366	0.00727	0.0143	0.0211	0.0277
369	0.00184	0.00367	0.00728	0.0143	0.0211	0.0277
369.5	0.00184	0.00367	0.00729	0.0143	0.0212	0.0278
370	0.00185	0.00368	0.0073	0.0144	0.0212	0.0278
370.5	0.00185	0.00368	0.00731	0.0144	0.0212	0.0278
371	0.00185	0.00369	0.00732	0.0144	0.0213	0.0279
371.5	0.00185	0.00369	0.00733	0.0144	0.0213	0.0279
372	0.00186	0.0037	0.00734	0.0144	0.0213	0.0279
372.5	0.00186	0.0037	0.00735	0.0145	0.0213	0.028
373	0.00186	0.00371	0.00736	0.0145	0.0214	0.028
373.5	0.00186	0.00371	0.00737	0.0145	0.0214	0.0281
374	0.00187	0.00372	0.00737	0.0145	0.0214	0.0281
374.5	0.00187	0.00372	0.00738	0.0145	0.0215	0.0281
375	0.00187	0.00373	0.00739	0.0146	0.0215	0.0282
375.5	0.00187	0.00373	0.0074	0.0146	0.0215	0.0282
376	0.00188	0.00374	0.00741	0.0146	0.0215	0.0282
376.5	0.00188	0.00374	0.00742	0.0146	0.0216	0.0283
377	0.00188	0.00375	0.00743	0.0146	0.0216	0.0283
377.5	0.00188	0.00375	0.00744	0.0147	0.0216	0.0283
378	0.00189	0.00376	0.00745	0.0147	0.0216	0.0284
378.5	0.00189	0.00376	0.00746	0.0147	0.0217	0.0284
379	0.00189	0.00377	0.00747	0.0147	0.0217	0.0284
379.5	0.00189	0.00377	0.00748	0.0147	0.0217	0.0285
380	0.0019	0.00378	0.00749	0.0147	0.0218	0.0285
380.5	0.0019	0.00378	0.0075	0.0148	0.0218	0.0286
381	0.0019	0.00379	0.00751	0.0148	0.0218	0.0286
381.5	0.0019	0.00379	0.00752	0.0148	0.0218	0.0286
382	0.0019	0.0038	0.00753	0.0148	0.0219	0.0287
382.5	0.00191	0.0038	0.00754	0.0148	0.0219	0.0287
383	0.00191	0.0038	0.00755	0.0149	0.0219	0.0287
383.5	0.00191	0.00381	0.00756	0.0149	0.0219	0.0288
384	0.00191	0.00381	0.00757	0.0149	0.022	0.0288
384.5	0.00192	0.00382	0.00758	0.0149	0.022	0.0288
385	0.00192	0.00382	0.00759	0.0149	0.022	0.0289
385.5	0.00192	0.00383	0.0076	0.015	0.0221	0.0289
386	0.00192	0.00383	0.00761	0.015	0.0221	0.0289
386.5	0.00193	0.00384	0.00762	0.015	0.0221	0.029
387	0.00193	0.00384	0.00763	0.015	0.0221	0.029
387.5	0.00193	0.00385	0.00764	0.015	0.0222	0.029
388	0.00193	0.00385	0.00765	0.015	0.0222	0.0291
388.5	0.00194	0.00386	0.00766	0.0151	0.0222	0.0291
389	0.00194	0.00386	0.00767	0.0151	0.0222	0.0292
389.5	0.00194	0.00387	0.00768	0.0151	0.0223	0.0292
390	0.00194	0.00387	0.00769	0.0151	0.0223	0.0292
390.5	0.00195	0.00388	0.0077	0.0151	0.0223	0.0293
391	0.00195	0.00388	0.00771	0.0152	0.0224	0.0293
391.5	0.00195	0.00389	0.00772	0.0152	0.0224	0.0293
392	0.00195	0.00389	0.00773	0.0152	0.0224	0.0294
392.5	0.00196	0.0039	0.00773	0.0152	0.0224	0.0294
393	0.00196	0.0039	0.00774	0.0152	0.0225	0.0294
393.5	0.00196	0.00391	0.00775	0.0153	0.0225	0.0295
394	0.00196	0.00391	0.00776	0.0153	0.0225	0.0295
394.5	0.00197	0.00392	0.00777	0.0153	0.0226	0.0295
395	0.00197	0.00392	0.00778	0.0153	0.0226	0.0296
395.5	0.00197	0.00393	0.00779	0.0153	0.0226	0.0296
396	0.00197	0.00393	0.0078	0.0153	0.0226	0.0296
396.5	0.00198	0.00394	0.00781	0.0154	0.0227	0.0297
397	0.00198	0.00394	0.00782	0.0154	0.0227	0.0297
397.5	0.00198	0.00395	0.00783	0.0154	0.0227	0.0298
398	0.00198	0.00395	0.00784	0.0154	0.0227	0.0298
398.5	0.00199	0.00396	0.00785	0.0154	0.0228	0.0298
399	0.00199	0.00396	0.00786	0.0155	0.0228	0.0299
399.5	0.00199	0.00397	0.00787	0.0155	0.0228	0.0299
400	0.00199	0.00397	0.00788	0.0155	0.0229	0.0299
400.5	0.002	0.00398	0.00789	0.0155	0.0229	0.03
401	0.002	0.00398	0.0079	0.0155	0.0229	0.03
401.5	0.002	0.00399	0.00791	0.0156	0.0229	0.03
402	0.002	0.00399	0.00792	0.0156	0.023	0.0301
402.5	0.00201	0.004	0.00793	0.0156	0.023	0.0301
403	0.00201	0.004	0.00794	0.0156	0.023	0.0301
403.5	0.00201	0.00401	0.00795	0.0156	0.023	0.0302
404	0.00201	0.00401	0.00796	0.0157	0.0231	0.0302
404.5	0.00202	0.00402	0.00797	0.0157	0.0231	0.0302
405	0.00202	0.00402	0.00798	0.0157	0.0231	0.0303
405.5	0.00202	0.00403	0.00799	0.0157	0.0232	0.0303
406	0.00202	0.00403	0.008	0.0157	0.0232	0.0304
406.5	0.00203	0.00404	0.00801	0.0157	0.0232	0.0304
407	0.00203	0.00404	0.00802	0.0158	0.0232	0.0304
407.5	0.00203	0.00405	0.00803	0.0158	0.0233	0.0305
408	0.00203	0.00405	0.00804	0.0158	0.0233	0.0305
408.5	0.00204	0.00406	0.00805	0.0158	0.0233	0.0305
409	0.00204	0.00406	0.00806	0.0158	0.0233	0.0306
409.5	0.00204	0.00407	0.00807	0.0159	0.0234	0.0306
410	0.00204	0.00407	0.00808	0.0159	0.0234	0.0306
410.5	0.00205	0.00408	0.00808	0.0159	0.0234	0.0307
411	0.00205	0.00408	0.00809	0.0159	0.0235	0.0307
411.5	0.00205	0.00409	0.0081	0.0159	0.0235	0.0307
412	0.00205	0.00409	0.00811	0.016	0.0235	0.0308
412.5	0.00206	0.0041	0.00812	0.016	0.0235	0.0308
413	0.00206	0.0041	0.00813	0.016	0.0236	0.0308
413.5	0.00206	0.00411	0.00814	0.016	0.0236	0.0309
414	0.00206	0.00411	0.00815	0.016	0.0236	0.0309
414.5	0.00207	0.00412	0.00816	0.016	0.0236	0.031
415	0.00207	0.00412	0.00817	0.0161	0.0237	0.031
415.5	0.00207	0.00413	0.00818	0.0161	0.0237	0.031
416	0.00207	0.00413	0.00819	0.0161	0.0237	0.0311
416.5	0.00208	0.00414	0.0082	0.0161	0.0238	0.0311
417	0.00208	0.00414	0.00821	0.0161	0.0238	0.0311
417.5	0.00208	0.00415	0.00822	0.0162	0.0238	0.0312
418	0.00208	0.00415	0.00823	0.0162	0.0238	0.0312
418.5	0.00209	0.00416	0.00824	0.0162	0.0239	0.0312
419	0.00209	0.00416	0.00825	0.0162	0.0239	0.0313
419.5	0.00209	0.00417	0.00826	0.0162	0.0239	0.0313
420	0.00209	0.00417	0.00827	0.0163	0.0239	0.0313
420.5	0.0021	0.00418	0.00828	0.0163	0.024	0.0314
421	0.0021	0.00418	0.00829	0.0163	0.024	0.0314
421.5	0.0021	0.00418	0.0083	0.0163	0.024	0.0314
422	0.0021	0.00419	0.00831	0.0163	0.0241	0.0315
422.5	0.00211	0.00419	0.00832	0.0163	0.0241	0.0315
423	0.00211	0.0042	0.00833	0.0164	0.0241	0.0315
423.5	0.00211	0.0042	0.00834	0.0164	0.0241	0.0316
424	0.00211	0.00421	0.00835	0.0164	0.0242	0.0316
424.5	0.00212	0.00421	0.00836	0.0164	0.0242	0.0317
425	0.00212	0.00422	0.00837	0.0164	0.0242	0.0317
425.5	0.00212	0.00422	0.00838	0.0165	0.0242	0.0317
426	0.00212	0.00423	0.00839	0.0165	0.0243	0.0318
426.5	0.00213	0.00423	0.0084	0.0165	0.0243	0.0318
427	0.00213	0.00424	0.00841	0.0165	0.0243	0.0318
427.5	0.00213	0.00424	0.00842	0.0165	0.0244	0.0319
428	0.00213	0.00425	0.00842	0.0166	0.0244	0.0319
428.5	0.00214	0.00425	0.00843	0.0166	0.0244	0.0319
429	0.00214	0.00426	0.00844	0.0166	0.0244	0.032
429.5	0.00214	0.00426	0.00845	0.0166	0.0245	0.032
430	0.00214	0.00427	0.00846	0.0166	0.0245	0.032
430.5	0.00215	0.00427	0.00847	0.0166	0.0245	0.0321
431	0.00215	0.00428	0.00848	0.0167	0.0245	0.0321
431.5	0.00215	0.00428	0.00849	0.0167	0.0246	0.0321
432	0.00215	0.00429	0.0085	0.0167	0.0246	0.0322
432.5	0.00216	0.00429	0.00851	0.0167	0.0246	0.0322
433	0.00216	0.0043	0.00852	0.0167	0.0247	0.0322
433.5	0.00216	0.0043	0.00853	0.0168	0.0247	0.0323
434	0.00216	0.00431	0.00854	0.0168	0.0247	0.0323
434.5	0.00217	0.00431	0.00855	0.0168	0.0247	0.0323
435	0.00217	0.00432	0.00856	0.0168	0.0248	0.0324
435.5	0.00217	0.00432	0.00857	0.0168	0.0248	0.0324
436	0.00217	0.00433	0.00858	0.0169	0.0248	0.0325
436.5	0.00218	0.00433	0.00859	0.0169	0.0248	0.0325
437	0.00218	0.00434	0.0086	0.0169	0.0249	0.0325
437.5	0.00218	0.00434	0.00861	0.0169	0.0249	0.0326
438	0.00218	0.00435	0.00862	0.0169	0.0249	0.0326
438.5	0.00219	0.00435	0.00863	0.0169	0.0249	0.0326
439	0.00219	0.00436	0.00864	0.017	0.025	0.0327
439.5	0.00219	0.00436	0.00865	0.017	0.025	0.0327
440	0.00219	0.00437	0.00866	0.017	0.025	0.0327
440.5	0.0022	0.00437	0.00867	0.017	0.0251	0.0328
441	0.0022	0.00438	0.00868	0.017	0.0251	0.0328
441.5	0.0022	0.00438	0.00869	0.0171	0.0251	0.0328
442	0.0022	0.00439	0.0087	0.0171	0.0251	0.0329
442.5	0.00221	0.00439	0.00871	0.0171	0.0252	0.0329
443	0.00221	0.0044	0.00872	0.0171	0.0252	0.0329
443.5	0.00221	0.0044	0.00873	0.0171	0.0252	0.033
444	0.00221	0.00441	0.00874	0.0172	0.0252	0.033
444.5	0.00222	0.00441	0.00874	0.0172	0.0253	0.033
445	0.00222	0.00442	0.00875	0.0172	0.0253	0.0331
445.5	0.00222	0.00442	0.00876	0.0172	0.0253	0.0331
446	0.00222	0.00443	0.00877	0.0172	0.0254	0.0331
446.5	0.00223	0.00443	0.00878	0.0172	0.0254	0.0332
447	0.00223	0.00444	0.00879	0.0173	0.0254	0.0332
447.5	0.00223	0.00444	0.0088	0.0173	0.0254	0.0333
448	0.00223	0.00445	0.00881	0.0173	0.0255	0.0333
448.5	0.00224	0.00445	0.00882	0.0173	0.0255	0.0333
449	0.00224	0.00446	0.00883	0.0173	0.0255	0.0334
449.5	0.00224	0.00446	0.00884	0.0174	0.0255	0.0334
450	0.00224	0.00447	0.00885	0.0174	0.0256	0.0334
450.5	0.00225	0.00447	0.00886	0.0174	0.0256	0.0335
451	0.00225	0.00448	0.00887	0.0174	0.0256	0.0335
451.5	0.00225	0.00448	0.00888	0.0174	0.0257	0.0335
452	0.00225	0.00449	0.00889	0.0175	0.0257	0.0336
452.5	0.00226	0.00449	0.0089	0.0175	0.0257	0.0336
453	0.00226	0.0045	0.00891	0.0175	0.0257	0.0336
453.5	0.00226	0.0045	0.00892	0.0175	0.0258	0.0337
454	0.00226	0.00451	0.00893	0.0175	0.0258	0.0337
454.5	0.00227	0.00451	0.00894	0.0175	0.0258	0.0337
455	0.00227	0.00452	0.00895	0.0176	0.0258	0.0338
455.5	0.00227	0.00452	0.00896	0.0176	0.0259	0.0338
456	0.00227	0.00452	0.00897	0.0176	0.0259	0.0338
456.5	0.00228	0.00453	0.00898	0.0176	0.0259	0.0339
457	0.00228	0.00453	0.00899	0.0176	0.026	0.0339
457.5	0.00228	0.00454	0.009	0.0177	0.026	0.0339
458	0.00228	0.00454	0.00901	0.0177	0.026	0.034
458.5	0.00229	0.00455	0.00902	0.0177	0.026	0.034
459	0.00229	0.00455	0.00903	0.0177	0.0261	0.034
459.5	0.00229	0.00456	0.00904	0.0177	0.0261	0.0341
460	0.00229	0.00456	0.00905	0.0178	0.0261	0.0341
460.5	0.0023	0.00457	0.00905	0.0178	0.0261	0.0342
461	0.0023	0.00457	0.00906	0.0178	0.0262	0.0342
461.5	0.0023	0.00458	0.00907	0.0178	0.0262	0.0342
462	0.0023	0.00458	0.00908	0.0178	0.0262	0.0343
462.5	0.0023	0.00459	0.00909	0.0178	0.0262	0.0343
463	0.00231	0.00459	0.0091	0.0179	0.0263	0.0343
463.5	0.00231	0.0046	0.00911	0.0179	0.0263	0.0344
464	0.00231	0.0046	0.00912	0.0179	0.0263	0.0344
464.5	0.00231	0.00461	0.00913	0.0179	0.0264	0.0344
465	0.00232	0.00461	0.00914	0.0179	0.0264	0.0345
465.5	0.00232	0.00462	0.00915	0.018	0.0264	0.0345
466	0.00232	0.00462	0.00916	0.018	0.0264	0.0345
466.5	0.00232	0.00463	0.00917	0.018	0.0265	0.0346
467	0.00233	0.00463	0.00918	0.018	0.0265	0.0346
467.5	0.00233	0.00464	0.00919	0.018	0.0265	0.0346
468	0.00233	0.00464	0.0092	0.0181	0.0265	0.0347
468.5	0.00233	0.00465	0.00921	0.0181	0.0266	0.0347
469	0.00234	0.00465	0.00922	0.0181	0.0266	0.0347
469.5	0.00234	0.00466	0.00923	0.0181	0.0266	0.0348
470	0.00234	0.00466	0.00924	0.0181	0.0267	0.0348
470.5	0.00234	0.00467	0.00925	0.0181	0.0267	0.0348
471	0.00235	0.00467	0.00926	0.0182	0.0267	0.0349
471.5	0.00235	0.00468	0.00927	0.0182	0.0267	0.0349
472	0.00235	0.00468	0.00928	0.0182	0.0268	0.0349
472.5	0.00235	0.00469	0.00929	0.0182	0.0268	0.035
473	0.00236	0.00469	0.0093	0.0182	0.0268	0.035
473.5	0.00236	0.0047	0.00931	0.0183	0.0268	0.035
474	0.00236	0.0047	0.00932	0.0183	0.0269	0.0351
474.5	0.00236	0.00471	0.00933	0.0183	0.0269	0.0351
475	0.00237	0.00471	0.00934	0.0183	0.0269	0.0352
475.5	0.00237	0.00472	0.00935	0.0183	0.0269	0.0352
476	0.00237	0.00472	0.00935	0.0183	0.027	0.0352
476.5	0.00237	0.00473	0.00936	0.0184	0.027	0.0353
477	0.00238	0.00473	0.00937	0.0184	0.027	0.0353
477.5	0.00238	0.00474	0.00938	0.0184	0.0271	0.0353
478	0.00238	0.00474	0.00939	0.0184	0.0271	0.0354
478.5	0.00238	0.00475	0.0094	0.0184	0.0271	0.0354
479	0.00239	0.00475	0.00941	0.0185	0.0271	0.0354
479.5	0.00239	0.00476	0.00942	0.0185	0.0272	0.0355
480	0.00239	0.00476	0.00943	0.0185	0.0272	0.0355
480.5	0.00239	0.00477	0.00944	0.0185	0.0272	0.0355
481	0.0024	0.00477	0.00945	0.0185	0.0272	0.0356
481.5	0.0024	0.00478	0.00946	0.0186	0.0273	0.0356
482	0.0024	0.00478	0.00947	0.0186	0.0273	0.0356
482.5	0.0024	0.00479	0.00948	0.0186	0.0273	0.0357
483	0.00241	0.00479	0.00949	0.0186	0.0274	0.0357
483.5	0.00241	0.0048	0.0095	0.0186	0.0274	0.0357
484	0.00241	0.0048	0.00951	0.0186	0.0274	0.0358
484.5	0.00241	0.00481	0.00952	0.0187	0.0274	0.0358
485	0.00242	0.00481	0.00953	0.0187	0.0275	0.0358
485.5	0.00242	0.00482	0.00954	0.0187	0.0275	0.0359
486	0.00242	0.00482	0.00955	0.0187	0.0275	0.0359
486.5	0.00242	0.00483	0.00956	0.0187	0.0275	0.0359
487	0.00243	0.00483	0.00957	0.0188	0.0276	0.036
487.5	0.00243	0.00484	0.00958	0.0188	0.0276	0.036
488	0.00243	0.00484	0.00959	0.0188	0.0276	0.036
488.5	0.00243	0.00484	0.0096	0.0188	0.0276	0.0361
489	0.00244	0.00485	0.00961	0.0188	0.0277	0.0361
489.5	0.00244	0.00485	0.00962	0.0189	0.0277	0.0361
490	0.00244	0.00486	0.00963	0.0189	0.0277	0.0362
490.5	0.00244	0.00486	0.00964	0.0189	0.0278	0.0362
491	0.00245	0.00487	0.00964	0.0189	0.0278	0.0363
491.5	0.00245	0.00487	0.00965	0.0189	0.0278	0.0363
492	0.00245	0.00488	0.00966	0.0189	0.0278	0.0363
492.5	0.00245	0.00488	0.00967	0.019	0.0279	0.0364
493	0.00246	0.00489	0.00968	0.019	0.0279	0.0364
493.5	0.00246	0.00489	0.00969	0.019	0.0279	0.0364
494	0.00246	0.0049	0.0097	0.019	0.0279	0.0365
494.5	0.00246	0.0049	0.00971	0.019	0.028	0.0365
495	0.00247	0.00491	0.00972	0.0191	0.028	0.0365
495.5	0.00247	0.00491	0.00973	0.0191	0.028	0.0366
496	0.00247	0.00492	0.00974	0.0191	0.028	0.0366
496.5	0.00247	0.00492	0.00975	0.0191	0.0281	0.0366
497	0.00248	0.00493	0.00976	0.0191	0.0281	0.0367
497.5	0.00248	0.00493	0.00977	0.0192	0.0281	0.0367
498	0.00248	0.00494	0.00978	0.0192	0.0282	0.0367
498.5	0.00248	0.00494	0.00979	0.0192	0.0282	0.0368
499	0.00249	0.00495	0.0098	0.0192	0.0282	0.0368
499.5	0.00249	0.00495	0.00981	0.0192	0.0282	0.0368
500	0.00249	0.00496	0.00982	0.0192	0.0283	0.0369
500.5	0.00249	0.00496	0.00983	0.0193	0.0283	0.0369
501	0.0025	0.00497	0.00984	0.0193	0.0283	0.0369
501.5	0.0025	0.00497	0.00985	0.0193	0.0283	0.037
502	0.0025	0.00498	0.00986	0.0193	0.0284	0.037
502.5	0.0025	0.00498	0.00987	0.0193	0.0284	0.037
503	0.00251	0.00499	0.00988	0.0194	0.0284	0.0371
503.5	0.00251	0.00499	0.00989	0.0194	0.0284	0.0371
504	0.00251	0.005	0.0099	0.0194	0.0285	0.0371
504.5	0.00251	0.005	0.00991	0.0194	0.0285	0.0372
505	0.00252	0.00501	0.00992	0.0194	0.0285	0.0372
505.5	0.00252	0.00501	0.00993	0.0194	0.0286	0.0372
506	0.00252	0.00502	0.00993	0.0195	0.0286	0.0373
506.5	0.00252	0.00502	0.00994	0.0195	0.0286	0.0373
507	0.00253	0.00503	0.00995	0.0195	0.0286	0.0373
507.5	0.00253	0.00503	0.00996	0.0195	0.0287	0.0374
508	0.00253	0.00504	0.00997	0.0195	0.0287	0.0374
508.5	0.00253	0.00504	0.00998	0.0196	0.0287	0.0374
509	0.00254	0.00505	0.00999	0.0196	0.0287	0.0375
509.5	0.00254	0.00505	0.01	0.0196	0.0288	0.0375
510	0.00254	0.00506	0.01	0.0196	0.0288	0.0375
510.5	0.00254	0.00506	0.01	0.0196	0.0288	0.0376
511	0.00255	0.00507	0.01	0.0197	0.0288	0.0376
511.5	0.00255	0.00507	0.01	0.0197	0.0289	0.0376
512	0.00255	0.00508	0.0101	0.0197	0.0289	0.0377
512.5	0.00255	0.00508	0.0101	0.0197	0.0289	0.0377
513	0.00256	0.00509	0.0101	0.0197	0.029	0.0378
513.5	0.00256	0.00509	0.0101	0.0197	0.029	0.0378
514	0.00256	0.0051	0.0101	0.0198	0.029	0.0378
514.5	0.00256	0.0051	0.0101	0.0198	0.029	0.0379
515	0.00257	0.00511	0.0101	0.0198	0.0291	0.0379
515.5	0.00257	0.00511	0.0101	0.0198	0.0291	0.0379
516	0.00257	0.00512	0.0101	0.0198	0.0291	0.038
516.5	0.00257	0.00512	0.0101	0.0199	0.0291	0.038
517	0.00258	0.00513	0.0101	0.0199	0.0292	0.038
517.5	0.00258	0.00513	0.0102	0.0199	0.0292	0.0381
518	0.00258	0.00514	0.0102	0.0199	0.0292	0.0381
518.5	0.00258	0.00514	0.0102	0.0199	0.0292	0.0381
519	0.00259	0.00514	0.0102	0.0199	0.0293	0.0382
519.5	0.00259	0.00515	0.0102	0.02	0.0293	0.0382
520	0.00259	0.00515	0.0102	0.02	0.0293	0.0382
520.5	0.00259	0.00516	0.0102	0.02	0.0294	0.0383
521	0.0026	0.00516	0.0102	0.02	0.0294	0.0383
521.5	0.0026	0.00517	0.0102	0.02	0.0294	0.0383
522	0.0026	0.00517	0.0102	0.0201	0.0294	0.0384
522.5	0.0026	0.00518	0.0103	0.0201	0.0295	0.0384
523	0.00261	0.00518	0.0103	0.0201	0.0295	0.0384
523.5	0.00261	0.00519	0.0103	0.0201	0.0295	0.0385
524	0.00261	0.00519	0.0103	0.0201	0.0295	0.0385
524.5	0.00261	0.0052	0.0103	0.0202	0.0296	0.0385
525	0.00262	0.0052	0.0103	0.0202	0.0296	0.0386
525.5	0.00262	0.00521	0.0103	0.0202	0.0296	0.0386
526	0.00262	0.00521	0.0103	0.0202	0.0296	0.0386
526.5	0.00262	0.00522	0.0103	0.0202	0.0297	0.0387
527	0.00263	0.00522	0.0103	0.0202	0.0297	0.0387
527.5	0.00263	0.00523	0.0103	0.0203	0.0297	0.0387
528	0.00263	0.00523	0.0104	0.0203	0.0298	0.0388
528.5	0.00263	0.00524	0.0104	0.0203	0.0298	0.0388
529	0.00263	0.00524	0.0104	0.0203	0.0298	0.0388
529.5	0.00264	0.00525	0.0104	0.0203	0.0298	0.0389
530	0.00264	0.00525	0.0104	0.0204	0.0299	0.0389
530.5	0.00264	0.00526	0.0104	0.0204	0.0299	0.0389
531	0.00264	0.00526	0.0104	0.0204	0.0299	0.039
531.5	0.00265	0.00527	0.0104	0.0204	0.0299	0.039
532	0.00265	0.00527	0.0104	0.0204	0.03	0.039
532.5	0.00265	0.00528	0.0104	0.0204	0.03	0.0391
533	0.00265	0.00528	0.0105	0.0205	0.03	0.0391
533.5	0.00266	0.00529	0.0105	0.0205	0.03	0.0391
534	0.00266	0.00529	0.0105	0.0205	0.0301	0.0392
534.5	0.00266	0.0053	0.0105	0.0205	0.0301	0.0392
535	0.00266	0.0053	0.0105	0.0205	0.0301	0.0392
535.5	0.00267	0.00531	0.0105	0.0206	0.0302	0.0393
536	0.00267	0.00531	0.0105	0.0206	0.0302	0.0393
536.5	0.00267	0.00532	0.0105	0.0206	0.0302	0.0393
537	0.00267	0.00532	0.0105	0.0206	0.0302	0.0394
537.5	0.00268	0.00533	0.0105	0.0206	0.0303	0.0394
538	0.00268	0.00533	0.0106	0.0207	0.0303	0.0394
538.5	0.00268	0.00534	0.0106	0.0207	0.0303	0.0395
539	0.00268	0.00534	0.0106	0.0207	0.0303	0.0395
539.5	0.00269	0.00535	0.0106	0.0207	0.0304	0.0395
540	0.00269	0.00535	0.0106	0.0207	0.0304	0.0396
540.5	0.00269	0.00536	0.0106	0.0207	0.0304	0.0396
541	0.00269	0.00536	0.0106	0.0208	0.0304	0.0396
541.5	0.0027	0.00537	0.0106	0.0208	0.0305	0.0397
542	0.0027	0.00537	0.0106	0.0208	0.0305	0.0397
542.5	0.0027	0.00538	0.0106	0.0208	0.0305	0.0397
543	0.0027	0.00538	0.0106	0.0208	0.0305	0.0398
543.5	0.00271	0.00539	0.0107	0.0209	0.0306	0.0398
544	0.00271	0.00539	0.0107	0.0209	0.0306	0.0398
544.5	0.00271	0.0054	0.0107	0.0209	0.0306	0.0399
545	0.00271	0.0054	0.0107	0.0209	0.0307	0.0399
545.5	0.00272	0.00541	0.0107	0.0209	0.0307	0.0399
546	0.00272	0.00541	0.0107	0.0209	0.0307	0.04
546.5	0.00272	0.00542	0.0107	0.021	0.0307	0.04
547	0.00272	0.00542	0.0107	0.021	0.0308	0.04
547.5	0.00273	0.00542	0.0107	0.021	0.0308	0.0401
548	0.00273	0.00543	0.0107	0.021	0.0308	0.0401
548.5	0.00273	0.00543	0.0108	0.021	0.0308	0.0401
549	0.00273	0.00544	0.0108	0.0211	0.0309	0.0402
549.5	0.00274	0.00544	0.0108	0.0211	0.0309	0.0402
550	0.00274	0.00545	0.0108	0.0211	0.0309	0.0402
550.5	0.00274	0.00545	0.0108	0.0211	0.0309	0.0403
551	0.00274	0.00546	0.0108	0.0211	0.031	0.0403
551.5	0.00275	0.00546	0.0108	0.0211	0.031	0.0403
552	0.00275	0.00547	0.0108	0.0212	0.031	0.0404
552.5	0.00275	0.00547	0.0108	0.0212	0.0311	0.0404
553	0.00275	0.00548	0.0108	0.0212	0.0311	0.0404
553.5	0.00276	0.00548	0.0109	0.0212	0.0311	0.0405
554	0.00276	0.00549	0.0109	0.0212	0.0311	0.0405
554.5	0.00276	0.00549	0.0109	0.0213	0.0312	0.0405
555	0.00276	0.0055	0.0109	0.0213	0.0312	0.0406
555.5	0.00277	0.0055	0.0109	0.0213	0.0312	0.0406
556	0.00277	0.00551	0.0109	0.0213	0.0312	0.0406
556.5	0.00277	0.00551	0.0109	0.0213	0.0313	0.0407
557	0.00277	0.00552	0.0109	0.0214	0.0313	0.0407
557.5	0.00278	0.00552	0.0109	0.0214	0.0313	0.0407
558	0.00278	0.00553	0.0109	0.0214	0.0313	0.0408
558.5	0.00278	0.00553	0.0109	0.0214	0.0314	0.0408
559	0.00278	0.00554	0.011	0.0214	0.0314	0.0408
559.5	0.00279	0.00554	0.011	0.0214	0.0314	0.0409
560	0.00279	0.00555	0.011	0.0215	0.0314	0.0409
560.5	0.00279	0.00555	0.011	0.0215	0.0315	0.0409
561	0.00279	0.00556	0.011	0.0215	0.0315	0.041
561.5	0.0028	0.00556	0.011	0.0215	0.0315	0.041
562	0.0028	0.00557	0.011	0.0215	0.0316	0.041
562.5	0.0028	0.00557	0.011	0.0216	0.0316	0.0411
563	0.0028	0.00558	0.011	0.0216	0.0316	0.0411
563.5	0.00281	0.00558	0.011	0.0216	0.0316	0.0412
564	0.00281	0.00559	0.0111	0.0216	0.0317	0.0412
564.5	0.00281	0.00559	0.0111	0.0216	0.0317	0.0412
565	0.00281	0.0056	0.0111	0.0216	0.0317	0.0413
565.5	0.00282	0.0056	0.0111	0.0217	0.0317	0.0413
566	0.00282	0.00561	0.0111	0.0217	0.0318	0.0413
566.5	0.00282	0.00561	0.0111	0.0217	0.0318	0.0414
567	0.00282	0.00562	0.0111	0.0217	0.0318	0.0414
567.5	0.00283	0.00562	0.0111	0.0217	0.0318	0.0414
568	0.00283	0.00563	0.0111	0.0218	0.0319	0.0415
568.5	0.00283	0.00563	0.0111	0.0218	0.0319	0.0415
569	0.00283	0.00564	0.0111	0.0218	0.0319	0.0415
569.5	0.00284	0.00564	0.0112	0.0218	0.0319	0.0416
570	0.00284	0.00565	0.0112	0.0218	0.032	0.0416
570.5	0.00284	0.00565	0.0112	0.0218	0.032	0.0416
571	0.00284	0.00566	0.0112	0.0219	0.032	0.0417
571.5	0.00285	0.00566	0.0112	0.0219	0.0321	0.0417
572	0.00285	0.00567	0.0112	0.0219	0.0321	0.0417
572.5	0.00285	0.00567	0.0112	0.0219	0.0321	0.0417
573	0.00285	0.00568	0.0112	0.0219	0.0321	0.0418
573.5	0.00286	0.00568	0.0112	0.022	0.0322	0.0418
574	0.00286	0.00569	0.0112	0.022	0.0322	0.0418
574.5	0.00286	0.00569	0.0113	0.022	0.0322	0.0419
575	0.00286	0.00569	0.0113	0.022	0.0322	0.0419
575.5	0.00287	0.0057	0.0113	0.022	0.0323	0.0419
576	0.00287	0.0057	0.0113	0.0221	0.0323	0.042
576.5	0.00287	0.00571	0.0113	0.0221	0.0323	0.042
577	0.00287	0.00571	0.0113	0.0221	0.0323	0.042
577.5	0.00288	0.00572	0.0113	0.0221	0.0324	0.0421
578	0.00288	0.00572	0.0113	0.0221	0.0324	0.0421
578.5	0.00288	0.00573	0.0113	0.0221	0.0324	0.0421
579	0.00288	0.00573	0.0113	0.0222	0.0324	0.0422
579.5	0.00289	0.00574	0.0114	0.0222	0.0325	0.0422
580	0.00289	0.00574	0.0114	0.0222	0.0325	0.0422
580.5	0.00289	0.00575	0.0114	0.0222	0.0325	0.0423
581	0.00289	0.00575	0.0114	0.0222	0.0326	0.0423
581.5	0.0029	0.00576	0.0114	0.0223	0.0326	0.0423
582	0.0029	0.00576	0.0114	0.0223	0.0326	0.0424
582.5	0.0029	0.00577	0.0114	0.0223	0.0326	0.0424
583	0.0029	0.00577	0.0114	0.0223	0.0327	0.0424
583.5	0.00291	0.00578	0.0114	0.0223	0.0327	0.0425
584	0.00291	0.00578	0.0114	0.0223	0.0327	0.0425
584.5	0.00291	0.00579	0.0114	0.0224	0.0327	0.0425
585	0.00291	0.00579	0.0115	0.0224	0.0328	0.0426
585.5	0.00292	0.0058	0.0115	0.0224	0.0328	0.0426
586	0.00292	0.0058	0.0115	0.0224	0.0328	0.0426
586.5	0.00292	0.00581	0.0115	0.0224	0.0328	0.0427
587	0.00292	0.00581	0.0115	0.0225	0.0329	0.0427
587.5	0.00293	0.00582	0.0115	0.0225	0.0329	0.0427
588	0.00293	0.00582	0.0115	0.0225	0.0329	0.0428
588.5	0.00293	0.00583	0.0115	0.0225	0.0329	0.0428
589	0.00293	0.00583	0.0115	0.0225	0.033	0.0428
589.5	0.00293	0.00584	0.0115	0.0225	0.033	0.0429
590	0.00294	0.00584	0.0116	0.0226	0.033	0.0429
590.5	0.00294	0.00585	0.0116	0.0226	0.033	0.0429
591	0.00294	0.00585	0.0116	0.0226	0.0331	0.043
591.5	0.00294	0.00586	0.0116	0.0226	0.0331	0.043
592	0.00295	0.00586	0.0116	0.0226	0.0331	0.043
592.5	0.00295	0.00587	0.0116	0.0227	0.0332	0.0431
593	0.00295	0.00587	0.0116	0.0227	0.0332	0.0431
593.5	0.00295	0.00588	0.0116	0.0227	0.0332	0.0431
594	0.00296	0.00588	0.0116	0.0227	0.0332	0.0432
594.5	0.00296	0.00589	0.0116	0.0227	0.0333	0.0432
595	0.00296	0.00589	0.0116	0.0227	0.0333	0.0432
595.5	0.00296	0.0059	0.0117	0.0228	0.0333	0.0433
596	0.00297	0.0059	0.0117	0.0228	0.0333	0.0433
596.5	0.00297	0.00591	0.0117	0.0228	0.0334	0.0433
597	0.00297	0.00591	0.0117	0.0228	0.0334	0.0434
597.5	0.00297	0.00592	0.0117	0.0228	0.0334	0.0434
598	0.00298	0.00592	0.0117	0.0229	0.0334	0.0434
598.5	0.00298	0.00593	0.0117	0.0229	0.0335	0.0435
599	0.00298	0.00593	0.0117	0.0229	0.0335	0.0435
599.5	0.00298	0.00594	0.0117	0.0229	0.0335	0.0435
600	0.00299	0.00594	0.0117	0.0229	0.0335	0.0436
